Unrefracted_RA_deg 0
Unrefracted_Dec_deg 0
Unrefracted_Azimuth 0
Unrefracted_Altitude 0
Slalib_date 1994/7/19/0.298822999997
Opsim_rotskypos 0
Opsim_rottelpos 0
Opsim_moondec -90
Opsim_moonra 180
Opsim_expmjd 49552.3
Opsim_moonalt -90
Opsim_sunalt -90
Opsim_filter 2
Opsim_dist2moon 180.0
Opsim_moonphase 10.0
Opsim_obshistid 99999999
Opsim_rawseeing 0.67
SIM_SEED     1000
SIM_MINSOURCE 1
SIM_TELCONFIG 0
SIM_CAMCONFIG 1
SIM_VISTIME 15.0
SIM_NSNAP 1

object 0 -1.36113566192 -0.21459901055 18.1628144265 ../sky/sed_flat.txt 1.52088696682 0.0 0.0 0.0 0.0 0.0 sersic2D 1.97212778015 2.02826613989 -29.1374044378 1
object 1 0.0577431496644 -0.939996765646 21.1470652132 ../sky/sed_flat.txt 1.52174093588 0.0 0.0 0.0 0.0 0.0 sersic2D 1.97294468013 2.02742633399 27.7832771488 1
object 2 0.183906834586 -1.04304065803 20.0558254131 ../sky/sed_flat.txt 1.67654789563 0.0 0.0 0.0 0.0 0.0 sersic2D 1.82510042986 2.19166021473 62.9297484492 1
object 3 0.296782584428 0.316562853433 16.8645977647 ../sky/sed_flat.txt 1.46246838941 0.0 0.0 0.0 0.0 0.0 sersic2D 1.94039175153 2.06143939586 -2.55101387484 1
object 4 -0.718543616769 0.27405640259 19.5050533904 ../sky/sed_flat.txt 1.78763788033 0.0 0.0 0.0 0.0 0.0 sersic2D 1.84452512498 2.16857983978 -40.4097396353 1
object 5 0.441760169279 0.544563572692 17.6210242838 ../sky/sed_flat.txt 1.49439870381 0.0 0.0 0.0 0.0 0.0 sersic2D 1.82032400298 2.19741100675 59.6992167204 1
object 6 1.03242950691 -0.675640774261 17.1459556883 ../sky/sed_flat.txt 1.92181577858 0.0 0.0 0.0 0.0 0.0 sersic2D 1.88682946203 2.11995841728 -65.8501738256 1
object 7 1.12591453905 0.474523135298 19.190486439 ../sky/sed_flat.txt 1.7769005186 0.0 0.0 0.0 0.0 0.0 sersic2D 1.93508420448 2.0670935098 59.407907054 1
object 8 1.04988210959 0.99855260415 16.2880970621 ../sky/sed_flat.txt 1.56496627457 0.0 0.0 0.0 0.0 0.0 sersic2D 1.87315904772 2.13542998651 -86.9274156918 1
object 9 -0.220955023033 -0.492467225785 19.3820234667 ../sky/sed_flat.txt 1.5182936401 0.0 0.0 0.0 0.0 0.0 sersic2D 1.81663132833 2.20187769396 -31.4873821775 1
